3  3  3  3  3  3  3  3  3  3  3  3  3  3  3  3  3  3  3  3  3  6  17  15  13    2688 -643.200012 
3  3  3  3  3  3  3  3  3  6  17  15  13  15  6  12  9  1  2  7  10  19  3  6  0    2687 -1854.719971 
3  3  3  3  3  3  3  6  17  15  13  15  6  12  9  1  2  7  10  19  3  6  0  6  12    2689 -2090.919922 
3  3  3  3  3  3  6  17  15  13  15  6  12  9  1  2  7  10  19  3  6  0  6  12  16    2690 -2329.879883 
3  3  3  3  3  3  6  17  15  13  15  6  12  9  1  2  7  10  19  3  6  0  6  12  16    2691 -2322.919922 
3  3  3  3  3  3  6  17  15  13  15  6  12  9  1  2  7  10  19  3  6  0  6  12  16    2692 -2337.280029 
3  3  3  3  3  3  6  17  15  13  15  6  12  9  1  2  7  10  19  3  6  0  6  12  16    2693 -2318.560059 
3  3  3  3  3  6  17  15  13  15  6  12  9  1  2  7  10  19  3  6  0  6  12  16  11    2694 -2350.639893 
3  3  3  3  3  6  17  15  13  15  6  12  9  1  2  7  10  19  3  6  0  6  12  16  11    2695 -2321.360107 
3  3  3  3  3  6  17  15  13  15  6  12  9  1  2  7  10  19  3  6  0  6  12  16  11    2696 -2352.080078 
3  3  3  3  3  6  17  15  13  15  6  12  9  1  2  7  10  19  3  6  0  6  12  16  11    2697 -2321.239990 
3  3  3  3  3  6  17  15  13  15  6  12  9  1  2  7  10  19  3  6  0  6  12  16  11    2698 -2359.959961 
3  3  3  3  3  6  17  15  13  15  6  12  9  1  2  7  10  19  3  6  0  6  12  16  11    2699 -2355.520020 
3  3  3  3  3  6  17  15  13  15  6  12  9  1  2  7  10  19  3  6  0  6  12  16  11    2700 -2337.600098 
3  3  3  3  3  6  17  15  13  15  6  12  9  1  2  7  10  19  3  6  0  6  12  16  11    2701 -2363.399902 
3  3  3  3  3  6  17  15  13  15  6  12  9  1  2  7  10  19  3  6  0  6  12  16  11    2702 -2341.120117 
3  3  3  3  3  6  17  15  13  15  6  12  9  1  2  7  10  19  3  6  0  6  12  16  11    2703 -2338.399902 
3  3  3  3  6  17  15  13  15  6  12  9  1  2  7  10  19  3  6  0  6  12  16  11  8    2704 -2551.159912 
3  3  3  3  6  17  15  13  15  6  12  9  1  2  7  10  19  3  6  0  6  12  16  11  8    2705 -2549.959961 
3  3  3  3  6  17  15  13  15  6  12  9  1  2  7  10  19  3  6  0  6  12  16  11  8    2706 -2551.879883 
3  3  3  6  17  15  13  15  6  12  9  1  2  7  10  19  3  6  0  6  12  16  11  8  7    2707 -2579.399902 
3  3  3  6  17  15  13  15  6  12  9  1  2  7  10  19  3  6  0  6  12  16  11  8  7    2708 -2574.159912 
3  3  3  6  17  15  13  15  6  12  9  1  2  7  10  19  3  6  0  6  12  16  11  8  7    2709 -2570.199951 
3  3  6  17  15  13  15  6  12  9  1  2  7  10  19  3  6  0  6  12  16  11  8  7  9    2710 -2794.479980 
3  3  6  17  15  13  15  6  12  9  1  2  7  10  19  3  6  0  6  12  16  11  8  7  9    2711 -2788.600098 
3  3  6  17  15  13  15  6  12  9  1  2  7  10  19  3  6  0  6  12  16  11  8  7  9    2712 -2796.719971 
3  6  17  15  13  15  6  12  9  1  2  7  10  19  3  6  0  6  12  16  11  8  7  9  2    2713 -2826.360107 
3  6  17  15  13  15  6  12  9  1  2  7  10  19  3  6  0  6  12  16  11  8  7  9  2    2714 -2785.840088 
3  6  17  15  13  15  6  12  9  1  2  7  10  19  3  6  0  6  12  16  11  8  7  9  2    2715 -2808.159912 
6  17  15  13  15  6  12  9  1  2  7  10  19  3  6  0  6  12  16  11  8  7  9  2  2    2716 -2820.360107 
